4039013
4039027
4039028
4039100
4039151
4039157
4039193
4039159
4039272
4039232
4039314
4039443
4039447
4039450
4039508
4040807
4040899
4041668
4043826
4044805
4044891
4044993
4045180
4045227
4045238
4045260
4045396
4045397
4045400
4045402
4045404
4045575
4037500
4037501
4037504
4037509
4037523
4037525
4037687
4037714
4037983
4037984
4038015
4038017
4038035
4038182
4038194
4038701
4038743
4038744
4038747
4038795
4038805
4038846
4038862
4038875
4038877
4038889
4038912
4038913
4038932
4038933
4038966
4039012
4036260
4036262
4036305
4036719
4036724
4036736
4036813
4036837
4036854
4036884
4036919
4036976
4037020
4037029
4037122
4037164
4037181
4037230
4037224
4037256
4037274
4037275
4037308
4037309
4037317
4037316
4037321
4037357
4037465
4037466
4037472
4037494
4031400
4031441
4031589
4031733
4035190
4035224
4035358
4035385
4035442
4035443
4035454
4035593
4035615
4035633
4035650
4035665
4035695
4035696
4035711
4035712
4035763
4035801
4035820
4035816
4035833
4035890
4035909
4035935
4036195
4036196
4035953
4036258
4029562
4029564
4029570
4029586
4029587
4029589
4029590
4029591
4029662
4029670
4029672
4029673
4029767
4029771
4029772
4029792
4030036
4030042
4030159
4030340
4030414
4030415
4030485
4030530
4030658
4030671
4030734
4030860
4030861
4031242
4031395
4031399
4013055
4014554
4019108
4019875
4020620
4020639
4020648
4026290
4026291
4026292
4026293
4026294
4027128
4027410
4028068
4028174
4028212
4028213
4028426
4028427
4028794
4028821
4028943
4029029
4029032
4029129
4029130
4029138
4029273
4029539
4029556
4029558
4005832
4005987
4006098
4006100
4006123
4006620
4006680
4006724
4006916
4006947
4007103
4007109
4007112
4007122
4007123
4007190
4007257
4007264
4007289
4007474
4007116
4007475
4007480
4007748
4007828
4007843
4008345
4008346
4008368
4008606
4009162
4012495
4004411
4004421
4003540
4004723
4004733
4004831
4004872
4004929
4004951
4004953
4005003
4005008
4005015
4005022
4005016
4005057
4005043
4005111
4005129
4005132
4005157
4005181
4005193
4005284
4005328
4005429
4005452
4005574
4005791
4005831
4004455
4004703
4001778
4001835
4001896
4001934
4001949
4002006
4002027
4002458
4002481
4002498
4002585
4002645
4002706
4002866
4002907
4002908
4002926
4002997
4003010
4003042
4003101
4003103
4003105
4003336
4003390
4003416
4003444
4003487
4003502
4003516
4003517
4003533
3856426
3858778
4000019
4000091
4000210
4000219
4000240
4000512
4000531
4000539
4000542
4000697
4000702
4000717
4000857
4000949
4000969
4000974
4000975
4000980
4001048
4001141
4001163
4001168
4001171
4001282
4001314
4001750
4001769
4001777
3426652
3426659
3426720
3426775
3426797
3426833
3426835
3426859
3426885
3427019
3428516
3428564
3428668
3428758
3428877
3807577
3815169
3815232
3825496
3833730
3834256
3834272
3834443
3834823
3843772
3846088
3846528
3852190
3425971
3425984
3425987
3425997
3426023
3426032
3426047
3426070
3426097
3426230
3426257
3426258
3426260
3426323
3426343
3426362
3426366
3426377
3426398
3426421
3426433
3426435
3426479
3426491
3426496
3426497
3426516
3426513
3426593
3426518
3426645
3426648
3425614
3425620
3425654
3425660
3425668
3425673
3425674
3425675
3425676
3425680
3425682
3425692
3425712
3425716
3425727
3425720
3425729
3425735
3425744
3425745
3425793
3425791
3425796
3425833
3425850
3425873
3425878
3425879
3425903
3425934
3425954
3425956
3425092
3425089
3425097
3425111
3425126
3425138
3425159
3425166
3425174
3425179
3425311
3425332
3425341
3425392
3425395
3425396
3425399
3425424
3425434
3425440
3425442
3425444
3425473
3425475
3425477
3425505
3425520
3425521
3425548
3425565
3425583
3425584
3424470
3424471
3424472
3424473
3424482
3424488
3424494
3424500
3424501
3424516
3424517
3424540
3424543
3424544
3424559
3424573
3424648
3424696
3424711
3424712
3424731
3424736
3424740
3424774
3424872
3424986
3425004
3425023
3425036
3425042
3425067
3425049
3421413
3421433
3421434
3421590
3421640
3421674
3421760
3421785
3421795
3421831
3421878
3421882
3422087
3422112
3422156
3422360
3422378
3422385
3423483
3423608
3423703
3423914
3423923
3424167
3424175
3424177
3424212
3424338
3424432
3424451
3424452
3424459
3418229
3418254
3418255
3418263
3418297
3418306
3418314
3418322
3418383
3418395
3418421
3418432
3418434
3418435
3418622
3418689
3420168
3420391
3420408
3420412
3420463
3420464
3420828
3421350
3421372
3421373
3421374
3421376
3421398
3421399
3421409
3421412
3413940
3413948
3413974
3413996
3414014
3414037
3414098
3414119
3414134
3414138
3414173
3414650
3414663
3416500
3416956
3418100
3418101
3418103
3418119
3418123
3418146
3418147
3418148
3418152
3418158
3418166
3418179
3418180
3418184
3418186
3418187
3418188
3404051
3404966
3411911
3412620
3412923
3412935
3413222
3413663
3413702
3413713
3413736
3413739
3413756
3413757
3413765
3413771
3413772
3413788
3413798
3413799
3413812
3413823
3413831
3413856
3413863
3413866
3413870
3413889
3413890
3413894
3413922
3413929
3398440
3398446
3398467
3398491
3398501
3398591
3398702
3398725
3398722
3398951
3399051
3399146
3399362
3399550
3399630
3399789
3399814
3399853
3399868
3399869
3399881
3400332
3400523
3400722
3401675
3402532
3402592
3403492
3403573
3403907
3404018
3397863
3397868
3397890
3397893
3397905
3397906
3397935
3397958
3397999
3398010
3398092
3398096
3398101
3398113
3398137
3398144
3398150
3398163
3398181
3398182
3398194
3398205
3398223
3398227
3398236
3398242
3398246
3398355
3398406
3398408
3398411
3398434
3397460
3397461
3397464
3397468
3397486
3397489
3397513
3397517
3397545
3397549
3397571
3397574
3397575
3397577
3397588
3397589
3397596
3397606
3397607
3397654
3397655
3397656
3397657
3397658
3397665
3397666
3397720
3397723
3397828
3397844
3397860
3397861
3396904
3396918
3396921
3396957
3396958
3397005
3397012
3397019
3397020
3397047
3397048
3397054
3397070
3397114
3397119
3397135
3397165
3397186
3397188
3397193
3397203
3397206
3397265
3397266
3397389
3397391
3397404
3397443
3397446
3397447
3397453
3397454
3395532
3395544
3395585
3396015
3396029
3396033
3396392
3396505
3396548
3396736
3396749
3396753
3396764
3396768
3396741
3396770
3396771
3396773
3396777
3396812
3396814
3396840
3396851
3396859
3396864
3396870
3396871
3396874
3396878
3396883
3396896
3396901
3394395
3394375
3394449
3394514
3394543
3394587
3394599
3394736
3394953
3394987
3395077
3395103
3395153
3395154
3395181
3395184
3395213
3395306
3395317
3395345
3395346
3395347
3395348
3395349
3395350
3395351
3395352
3395374
3395389
3395421
3395506
3395516
3393507
3393596
3393724
3393802
3393804
3393807
3393877
3393888
3393894
3393895
3393923
3394020
3394021
3394022
3394060
3394123
3394126
3394166
3394167
3394169
3394194
3394271
3394276
3394277
3394279
3394295
3394310
3394315
3394321
3394335
3394368
3394371
3392184
3392234
3392238
3392249
3392255
3392256
3392287
3392309
3392322
3392377
3392395
3392416
3392419
3392421
3392422
3392429
3392430
3392431
3392432
3392433
3392435
3392478
3392612
3392622
3392865
3392968
3392969
3392981
3392991
3393008
3393140
3393449
3390792
3390869
3390901
3390912
3391008
3391016
3391033
3391034
3391035
3391186
3391191
3391208
3391209
3391210
3391222
3391323
3391328
3391337
3391379
3391407
3391415
3391540
3391591
3391660
3391740
3391746
3391834
3391840
3391875
3392009
3392149
3392153
3388701
3388702
3388709
3388734
3388736
3388745
3388748
3388749
3388750
3388752
3388787
3388788
3388854
3388874
3389008
3389054
3389270
3389349
3389357
3389358
3389382
3389460
3389461
3389462
3389676
3389778
3390077
3390228
3390238
3390250
3390717
3390791
3387647
3387706
3387707
3387710
3387712
3387768
3387960
3387990
3387991
3387992
3388012
3388091
3388248
3388250
3388251
3388253
3388254
3388255
3388302
3388320
3388321
3388333
3388355
3388495
3388501
3388502
3388607
3388608
3388697
3388698
3388699
3388700
3350420
3350421
3350437
3350516
3378157
3378188
3378303
3378318
3378319
3378320
3378321
3378334
3378350
3378363
3378364
3378371
3378372
3378373
3378374
3378376
3378528
3378995
3379187
3379800
3384978
3385303
3385341
3385810
3387594
3387621
3387622
3387624
3348308
3348309
3348310
3348311
3348343
3348344
3348500
3348504
3348507
3348644
3348670
3348704
3348705
3348771
3348850
3348849
3348853
3348858
3348860
3348862
3348907
3348908
3348909
3348912
3349056
3349060
3350159
3350160
3350161
3350162
3350165
3350265
3345036
3345247
3345581
3345585
3345767
3345785
3345786
3345787
3345788
3345789
3345791
3345792
3345793
3346033
3346034
3346104
3346238
3346319
3346512
3346863
3346864
3346866
3347336
3347498
3347499
3347500
3347549
3347736
3347745
3347772
3347773
3348024
3343595
3343596
3343597
3343598
3343599
3343600
3343601
3343602
3343603
3343604
3343605
3343606
3343607
3343950
3343951
3344163
3344528
3344529
3344530
3344531
3344548
3344549
3344550
3344551
3344552
3344553
3344554
3344555
3344722
3344923
3345021
3345032
3341956
3341975
3341976
3341977
3341979
3341986
3341987
3342263
3342483
3342488
3342520
3342901
3342902
3342903
3342904
3342905
3342906
3342907
3342908
3343247
3343252
3343256
3343250
3343583
3343584
3343260
3343585
3343586
3343587
3343588
3343589
3343590
3338887
3339097
3339158
3339336
3339183
3339339
3339410
3339433
3339434
3339435
3339436
3339437
3339438
3339439
3339441
3340238
3340239
3340240
3340241
3340242
3340243
3340244
3340264
3340606
3341405
3341407
3341530
3341583
3341608
3341663
3341752
3341882
3337305
3337687
3337867
3337808
3337873
3337909
3338072
3338163
3338304
3338413
3338415
3338422
3338423
3338432
3338433
3338434
3338435
3338436
3338437
3338438
3338439
3338519
3338596
3338597
3338598
3338599
3338600
3338601
3338617
3338650
3338749
3338885
3337053
3337055
3337061
3337062
3337065
3337066
3337067
3337068
3337069
3337105
3337106
3337107
3337108
3337109
3337110
3337147
3337148
3337149
3337150
3337151
3337152
3337264
3337265
3337274
3337289
3337294
3337295
3337297
3337299
3337300
3337302
3337303
3336072
3336073
3336075
3336076
3336100
3336124
3336125
3336173
3336174
3336175
3336176
3336177
3336186
3336453
3336511
3336512
3336552
3336554
3336893
3337020
3337021
3337023
3337025
3337026
3337028
3337030
3337037
3337039
3337041
3337044
3337046
3337048
3335249
3335250
3335251
3335252
3335253
3335254
3335256
3335257
3335258
3335259
3335261
3335262
3335591
3335796
3335864
3335867
3335874
3335871
3335876
3335884
3335892
3335894
3335922
3335899
3335928
3335931
3335934
3335970
3336054
3336055
3336056
3336071
3332230
3332462
3332518
3332781
3332782
3332784
3333363
3333397
3333398
3333515
3333516
3333523
3334334
3334399
3334400
3334962
3334963
3334989
3334990
3334991
3335015
3335094
3335143
3335129
3335228
3335229
3335230
3335231
3335232
3335233
3335245
3335247
3331432
3331433
3331434
3331435
3331436
3331437
3331438
3331439
3331440
3331442
3331443
3331448
3331517
3332010
3331658
3332011
3332069
3332215
3332216
3332217
3332218
3332219
3332220
3332221
3332222
3332223
3332224
3332225
3332226
3332227
3332228
3332229
3331094
3331095
3331096
3331097
3331098
3331187
3331188
3331195
3331196
3331197
3331198
3331199
3331200
3331291
3331294
3331297
3331298
3331317
3331320
3331321
3331419
3331420
3331421
3331422
3331423
3331424
3331425
3331427
3331428
3331429
3331430
3331431
3330682
3330875
3331002
3331003
3331004
3331005
3331006
3331007
3331008
3331009
3331010
3331011
3331012
3331013
3331014
3331015
3331016
3331018
3331019
3331020
3331021
3331025
3331081
3331082
3331083
3331084
3331085
3331086
3331087
3331091
3331092
3331093
3328521
3328522
3328523
3328524
3328935
3329068
3329118
3329129
3329130
3329347
3329408
3329410
3329412
3329418
3329423
3329431
3329441
3329443
3329459
3329626
3329628
3329670
3329709
3329744
3329757
3329802
3329825
3329903
3329941
3330082
3330272
3328791
3328030
3328032
3328034
3328035
3328036
3328040
3328042
3328045
3328046
3328048
3328049
3328050
3328051
3328126
3328129
3328130
3328131
3328132
3328133
3328161
3328172
3328301
3328502
3328503
3328506
3328514
3328515
3328516
3328517
3328518
3328519
3328520
3327719
3327720
3327724
3327725
3327730
3327749
3327750
3327751
3327752
3327755
3327756
3327757
3327758
3327759
3327760
3327827
3327829
3327830
3327831
3327832
3327833
3327846
3327847
3327971
3327972
3327973
3327986
3328017
3328018
3328025
3328026
3328028
3326602
3326603
3326604
3326901
3326728
3326947
3326948
3326949
3326974
3326975
3326976
3326977
3326978
3326993
3326994
3326996
3326997
3326998
3326999
3327013
3327014
3327015
3327293
3327322
3327373
3327554
3327565
3327710
3327711
3327714
3327712
3327715
3326510
3326511
3326512
3326513
3326514
3326515
3326516
3326517
3326518
3326519
3326520
3326521
3326522
3326523
3326524
3326525
3326526
3326527
3326528
3326529
3326530
3326531
3326542
3326543
3326544
3326545
3326546
3326547
3326548
3326549
3326582
3326585
3325590
3325591
3325592
3325593
3325594
3325882
3325904
3325905
3325906
3325907
3325908
3325909
3325910
3325911
3325912
3325913
3325914
3325915
3325916
3325917
3325918
3325919
3325920
3326019
3326025
3326206
3326207
3326208
3326209
3326366
3326508
3326509
3324730
3324731
3324732
3324733
3324968
3324969
3324970
3324972
3324973
3325154
3325167
3325168
3325169
3325170
3325171
3325172
3325173
3325174
3325175
3325326
3325355
3325557
3325580
3325581
3325582
3325583
3325584
3325585
3325586
3325587
3325588
3325589
3324289
3324290
3324292
3324293
3324294
3324295
3324372
3324388
3324389
3324522
3324598
3324599
3324600
3324601
3324602
3324603
3324609
3324610
3324611
3324612
3324613
3324614
3324615
3324616
3324617
3324661
3324663
3324688
3324696
3324697
3324728
3324729
3324248
3324249
3324250
3324251
3324252
3324253
3324254
3324255
3324259
3324260
3324261
3324262
3324263
3324265
3324266
3324270
3324273
3324274
3324275
3324276
3324277
3324278
3324279
3324280
3324281
3324282
3324283
3324284
3324285
3324286
3324287
3324288
3323299
3323300
3323302
3323704
3324011
3324013
3324014
3324015
3324016
3324017
3324018
3324019
3324020
3324021
3324022
3324162
3324205
3324206
3324207
3324208
3324228
3324236
3324237
3324238
3324239
3324240
3324241
3324242
3324243
3324244
3324245
3324246
3322171
3322170
3322172
3322179
3322180
3322181
3322182
3322183
3322184
3322193
3322194
3322195
3322196
3322376
3322377
3322379
3322380
3322382
3322532
3322534
3322544
3323062
3323072
3323148
3323149
3323168
3323169
3323170
3323171
3323295
3323296
3323297
3321978
3321980
3321981
3322028
3322034
3322035
3322036
3322037
3322038
3322042
3322043
3322044
3322045
3322046
3322050
3322051
3322052
3322137
3322143
3322144
3322145
3322146
3322147
3322148
3322154
3322155
3322156
3322157
3322158
3322167
3322168
3322169
3321517
3321615
3321616
3321629
3321762
3321763
3321764
3321765
3321766
3321767
3321768
3321769
3321770
3321771
3321820
3321821
3321822
3321823
3321825
3321826
3321834
3321839
3321865
3321866
3321868
3321869
3321871
3321875
3321876
3321947
3321974
3321975
3320735
3320736
3320749
3320750
3320751
3320752
3320753
3320775
3320776
3320777
3320778
3320779
3320780
3320782
3320783
3320834
3320928
3320929
3320930
3320931
3320932
3320933
3320934
3321110
3321111
3321407
3321408
3321409
3321414
3321415
3321514
3321516
3257041
3257042
3257043
3257045
3257046
3257058
3257059
3257063
3257064
3257104
3257105
3259277
3259310
3259561
3259642
3319419
3319418
3319420
3319576
3319505
3319931
3320627
3320675
3320628
3320724
3320725
3320726
3320727
3320728
3320729
3320730
3320734
3247988
3248031
3248245
3248255
3250373
3251566
3251647
3251681
3251682
3251702
3251719
3251720
3251727
3253634
3253747
3253907
3251969
3254894
3255616
3255603
3256176
3256256
3256317
3256787
3256798
3256861
3257035
3257036
3257037
3257038
3257039
3257040
3245108
3245122
3245124
3245130
3245440
3245464
3245465
3245546
3245686
3245687
3245696
3245719
3245725
3245726
3245729
3245784
3245843
3246382
3246927
3246946
3247051
3246945
3247146
3247163
3247905
3247881
3247918
3247935
3247936
3247956
3247984
3247987
3211074
3211211
3211212
3211301
3213184
3215591
3215627
3215663
3215705
3215721
3217054
3217108
3219628
3227106
3229467
3230126
3230163
3230968
3237617
3244448
3244657
3245024
3245026
3245034
3245042
3245060
3245064
3245102
3245103
3245104
3245106
3245107
3204893
3204886
3204894
3204914
3204968
3205016
3205035
3205068
3205069
3205436
3205787
3205803
3205927
3205943
3205945
3205952
3206223
3205963
3206442
3206447
3206459
3206621
3207886
3207052
3208646
3208647
3209903
3210009
3210667
3210674
3211030
3210975
3196582
3196585
3196586
3196594
3196598
3197094
3197604
3197677
3199767
3200638
3200978
3201014
3201740
3201757
3201771
3201778
3202119
3202124
3202535
3202850
3202904
3203174
3203175
3203569
3203615
3203882
3203888
3203889
3203890
3203916
3204404
3204411
3194054
3194109
3194676
3194790
3195307
3195709
3195744
3195852
3195960
3195962
3196016
3196017
3196035
3196055
3196056
3196057
3196058
3196059
3196062
3196064
3196065
3196066
3196140
3196230
3196247
3196296
3196297
3196299
3196342
3196577
3196580
3196581
3184059
3184124
3184579
3184580
3184661
3184662
3186146
3187125
3187569
3187596
3187601
3187689
3187763
3188691
3188894
3189510
3189511
3189543
3189551
3189540
3189556
3189607
3189628
3190283
3190438
3190549
3192182
3192212
3192679
3192779
3193853
3179457
3179534
3179696
3180555
3180612
3180695
3180726
3180730
3181109
3181234
3181608
3181610
3181717
3181781
3181963
3181984
3182049
3182495
3182529
3182582
3182895
3182905
3183130
3183131
3183162
3183172
3183173
3183899
3183921
3183926
3183931
3183927
3168100
3168773
3170043
3170093
3170096
3170326
3170327
3170328
3170329
3170441
3170453
3170465
3170520
3170547
3170829
3171717
3171753
3172889
3171132
3172890
3174946
3174960
3175038
3176967
3176990
3177428
3178779
3179140
3179161
3179390
3179391
3179403
3155177
3155390
3155407
3155518
3155519
3155718
3155722
3155738
3155783
3155853
3155913
3155914
3155988
3156066
3156067
3156069
3156070
3156086
3157507
3161665
3163921
3163930
3164657
3165136
3165243
3165282
3165427
3166652
3166653
3166996
3167929
3168024
3146467
3146490
3146596
3146597
3147142
3147278
3147808
3148115
3148192
3148194
3148217
3148218
3148285
3148654
3150894
3151695
3152378
3152870
3153133
3153212
3153255
3153826
3153886
3154262
3154422
3154594
3154819
3154976
3154979
3154983
3155134
3155135
3127950
3128143
3128758
3129188
3129856
3131067
3131068
3135596
3136960
3137572
3137601
3138079
3138388
3139741
3140077
3140121
3140879
3141155
3143012
3143013
3144194
3144193
3144251
3144376
3144595
3145724
3145668
3146085
3146308
3146368
3146369
3146466
3124635
3124671
3124739
3124741
3124751
3125357
3125490
3126157
3126218
3126248
3126787
3126256
3126788
3126793
3126808
3126837
3126865
3126838
3126867
3126839
3126885
3126893
3127187
3127250
3127251
3127746
3127761
3127822
3126159
3125497
3126255
3126254
3120576
3120821
3121110
3121358
3121359
3121365
3121393
3121396
3121397
3121600
3121398
3121630
3121691
3121890
3122175
3122187
3122195
3122645
3122655
3123982
3124031
3124032
3124033
3124034
3124035
3124123
3124150
3124299
3124301
3124304
3124322
3124349
3118662
3118668
3118684
3118756
3118767
3118769
3118770
3118788
3118799
3118801
3118804
3118820
3118894
3119189
3119237
3119497
3119501
3119524
3119526
3119614
3119976
3120196
3120261
3120275
3120342
3120406
3120444
3120546
3120562
3120565
3120568
3120574
3116762
3116855
3116719
3117031
3117070
3117083
3117110
3117119
3117128
3117131
3117133
3117135
3117139
3117143
3117144
3117147
3117149
3117154
3117155
3117427
3117570
3117572
3117573
3117588
3117592
3118059
3118528
3118551
3118631
3118644
3118652
3118661
3114663
3115521
3115699
3115913
3115914
3115923
3116041
3116090
3116107
3116108
3116112
3116114
3116130
3116149
3116151
3116227
3116247
3116279
3116275
3116307
3116471
3116475
3116540
3116559
3116562
3116577
3116653
3116667
3116661
3116681
3116678
3116695
3103616
3103615
3104520
3105176
3105968
3106048
3106594
3106612
3107130
3107233
3107316
3107332
3107464
3107446
3107769
3108020
3108056
3108057
3109124
3110167
3110168
3110191
3110194
3110528
3112292
3113812
3114554
3114592
3114603
3114604
3114633
3114643
3074262
3075906
3076116
3076258
3076429
3080124
3080727
3080766
3080818
3082700
3083106
3084013
3084282
3084284
3084418
3084439
3086211
3086212
3086373
3088714
3099223
3099358
3095889
3099484
3099839
3100526
3101145
3101850
3102073
3102483
3102695
3102701
3063278
3063291
3063330
3063349
3063350
3063399
3063406
3063420
3064253
3067528
3068246
3068360
3069592
3069985
3070234
3070879
3071200
3071354
3071355
3071356
3071357
3071358
3071359
3071360
3071361
3071362
3071363
3071440
3071441
3071469
3071508
3071562
3059729
3059752
3059900
3059901
3059903
3059801
3059904
3059905
3060847
3060354
3060966
3060902
3061347
3061385
3061386
3061407
3061416
3061421
3061457
3061538
3061628
3061729
3061917
3062564
3062358
3062888
3062984
3062985
3063001
3063003
3063017
3063245
3058216
3058223
3058255
3058256
3058257
3058264
3058389
3058390
3058391
3058410
3058411
3058594
3058752
3058921
3058922
3059160
3059118
3059161
3059162
3059183
3059184
3059262
3059377
3059486
3059499
3059506
3059525
3059530
3059555
3059561
3059625
3059649
3054897
3055000
3055001
3055113
3055136
3055311
3055374
3055375
3055377
3055380
3055532
3055849
3055929
3055968
3055988
3055994
3056589
3056641
3056643
3056648
3056654
3057474
3057479
3057520
3057552
3057840
3057915
3057921
3058047
3058171
3058187
3058206
3042921
3043112
3043113
3043194
3043216
3043944
3044658
3044711
3047981
3048072
3048341
3048668
3048556
3049616
3050417
3051074
3053686
3053687
3053758
3053786
3053934
3053991
3054043
3054155
3054157
3054162
3054410
3054782
3054797
3054892
3054893
3054896
3034361
3034692
3034860
3034357
3034873
3035102
3035118
3035119
3035150
3035184
3035179
3035200
3035249
3035481
3035500
3035751
3037804
3038244
3038260
3038261
3038373
3038417
3038438
3038457
3038503
3038512
3039305
3039306
3039625
3041566
3039983
3042881
3029313
3029314
3029330
3029331
3029333
3029351
3029551
3029572
3029607
3029634
3029628
3029636
3029639
3029651
3029674
3029731
3029966
3029715
3030046
3030090
3030381
3030632
3031037
3031048
3031283
3031299
3031981
3032045
3034161
3034162
3034169
3034170
3024627
3024628
3024654
3024655
3024701
3024762
3024765
3024704
3024821
3024928
3024968
3025018
3025138
3025139
3025434
3025610
3025833
3026352
3026731
3026900
3027473
3027594
3027610
3027695
3027840
3028315
3028744
3029254
3029255
3029306
3029311
3029312
3006388
3006392
3006469
3006476
3008972
3009828
3010432
3009889
3010557
3011001
3012911
3016180
3017631
3018241
3018365
3018945
3020221
3020603
3021050
3021536
3021564
3021814
3022136
3022261
3024212
3024464
3024466
3024471
3024549
3024572
3024625
3024626
3002202
3002212
3002228
3002242
3002244
3002248
3002538
3002539
3002544
3002543
3002545
3002547
3002548
3002549
3002551
3002555
3002556
3002557
3002559
3002613
3002558
3002625
3002642
3002644
3002695
3002699
3002707
3002928
3003099
3003451
3003593
3004690
3001925
3001915
3001926
3001927
3001935
3001936
3001937
3001940
3001944
3001945
3001964
3001965
3001968
3001978
3001979
3002008
3002009
3002033
3002035
3002054
3002093
3002094
3002095
3002097
3002103
3002104
3002105
3002108
3002134
3002142
3002200
3002201
3001548
3001617
3001640
3001646
3001685
3001656
3001688
3001692
3001717
3001724
3001725
3001726
3001734
3001727
3001737
3001742
3001752
3001753
3001767
3001779
3001790
3001791
3001799
3001819
3001822
3001824
3001825
3001826
3001859
3001882
3001883
3001909
3000250
3000251
3000257
3000261
3000259
3000262
3000265
3000286
3000324
3000349
3000350
3000428
3000412
3000442
3000468
3000483
3000484
3000495
3000534
3000519
3000541
3000556
3000605
3000634
3000644
3000753
3000979
3001475
3001479
3001482
3001510
3001519
2812006
2814143
2813314
2818783
2826699
2832008
3000002
3000018
3000010
3000036
3000037
3000085
3000088
3000090
3000116
3000163
3000161
3000168
3000170
3000171
3000178
3000179
3000182
3000183
3000189
3000216
3000241
3000242
3000244
3000246
3000249
2129035
2129067
2129069
2129071
2129079
2129090
2129095
2129098
2129111
2129112
2129115
2129118
2129176
2129226
2129246
2129249
2129267
2129268
2129270
2129274
2129288
2129308
2129324
2129325
2129329
2129358
2129357
2129367
2129513
2130370
2807643
2808203
2128716
2128726
2128727
2128733
2128753
2128866
2128891
2128893
2128904
2128905
2128907
2128908
2128909
2128923
2128937
2128953
2128972
2128971
2128985
2128995
2128998
2128999
2129001
2129002
2129005
2129006
2129010
2129011
2129012
2129017
2129018
2129027
2128358
2128360
2128378
2128381
2128382
2128383
2128384
2128386
2128390
2128398
2128441
2128510
2128546
2128548
2128549
2128550
2128553
2128555
2128556
2128557
2128570
2128607
2128608
2128618
2128647
2128648
2128677
2128690
2128691
2128697
2128698
2128714
2127143
2127189
2127255
2127259
2127293
2127296
2127297
2127300
2127321
2127327
2127407
2127408
2127427
2127430
2127439
2127440
2127465
2127481
2127500
2127532
2127575
2127594
2127651
2127681
2127760
2127781
2127782
2127871
2128212
2128259
2128327
2128351
2124395
2124437
2124470
2124472
2124477
2124482
2124490
2124546
2124607
2124683
2124684
2124686
2124693
2124695
2124699
2124827
2124988
2125035
2126620
2126987
2127010
2127011
2127027
2127039
2127041
2127051
2127056
2127101
2127104
2127130
2127131
2127134
2118990
2119182
2119255
2119382
2119403
2119434
2119487
2119684
2119722
2120051
2120057
2120106
2120164
2120261
2120210
2120266
2120270
2120278
2120352
2120355
2120359
2120470
2120514
2120660
2121023
2121025
2122917
2122918
2123941
2124285
2124365
2124373
2117656
2117667
2117673
2117692
2117693
2117694
2117695
2117696
2117802
2117805
2117807
2117814
2117932
2117976
2118006
2118175
2118202
2118205
2118206
2118235
2118328
2118383
2118385
2118405
2118406
2118428
2118429
2118451
2118466
2118535
2118628
2118985
2116641
2116642
2116644
2116645
2116646
2116647
2116648
2116652
2116665
2116712
2116869
2116936
2116939
2116953
2116966
2116977
2116983
2117111
2117123
2117112
2117126
2117147
2117215
2117335
2117344
2117347
2117625
2117641
2117645
2117646
2117654
2117655
2115485
2115508
2115534
2115561
2115757
2115802
2115806
2115818
2115820
2115883
2115990
2116001
2116011
2116159
2116169
2116170
2116192
2116260
2116335
2116337
2116404
2116407
2116415
2116430
2116511
2116529
2116616
2116621
2116624
2116630
2116632
2116638
2114129
2114223
2114224
2114260
2114272
2114448
2114451
2114452
2114454
2114482
2114608
2114611
2114612
2114613
2114614
2114651
2114677
2114693
2114714
2114842
2114768
2114883
2114919
2114972
2114987
2115074
2115255
2115272
2115273
2115281
2115299
2115465
2113131
2113129
2113134
2113135
2113138
2113158
2113159
2113196
2113257
2113353
2113354
2113376
2113538
2113605
2113628
2113722
2113629
2113740
2113742
2113777
2114107
2114110
2114111
2114112
2114116
2114117
2114118
2114119
2114124
2114125
2114126
2114128
2102047
2102071
2102390
2102501
2102580
2102640
2102829
2102921
2102972
2102974
2102975
2103139
2103161
2103369
2103548
2103647
2103885
2109440
2109355
2109474
2109536
2109600
2110145
2111961
2112632
2112823
2112832
2112834
2112853
2113099
2113106
2113108
2099381
2099662
2099975
2100095
2100240
2100251
2100381
2100931
2100990
2101193
2101266
2101324
2101464
2101568
2101570
2101571
2101572
2101599
2101735
2101737
2101740
2101742
2101743
2101744
2101745
2101746
2101747
2101748
2101751
2101907
2102025
2102046
2097203
2097318
2097319
2097360
2097362
2097363
2097364
2097365
2097551
2097550
2097552
2097576
2097853
2097865
2097876
2097987
2097991
2098174
2098307
2098317
2098327
2098341
2098344
2098565
2098638
2098696
2098785
2098786
2098788
2098986
2099027
2099307
2096769
2096770
2096771
2096772
2096773
2096774
2096775
2096776
2096777
2096778
2096779
2096780
2096781
2096782
2096806
2096807
2096808
2096809
2096810
2096811
2096812
2096813
2096814
2096820
2096857
2096907
2097005
2097024
2097050
2097114
2097167
2097194
2096737
2096738
2096739
2096740
2096741
2096742
2096743
2096744
2096745
2096746
2096747
2096748
2096749
2096750
2096751
2096752
2096753
2096754
2096755
2096756
2096757
2096758
2096759
2096760
2096761
2096762
2096763
2096764
2096765
2096766
2096767
2096768
2096705
2096706
2096707
2096708
2096709
2096710
2096711
2096712
2096713
2096714
2096715
2096716
2096717
2096718
2096719
2096720
2096721
2096722
2096723
2096724
2096725
2096726
2096727
2096728
2096729
2096730
2096731
2096732
2096733
2096734
2096735
2096736
2096673
2096674
2096675
2096676
2096677
2096678
2096679
2096680
2096681
2096682
2096683
2096684
2096685
2096686
2096687
2096688
2096689
2096690
2096691
2096692
2096693
2096694
2096695
2096696
2096697
2096698
2096699
2096700
2096701
2096702
2096703
2096704
2096640
2096641
2096642
2096643
2096644
2096645
2096646
2096647
2096648
2096649
2096650
2096651
2096652
2096653
2096654
2096655
2096656
2096657
2096658
2096659
2096661
2096662
2096663
2096664
2096665
2096666
2096667
2096668
2096669
2096670
2096671
2096672
2095397
2095398
2096400
2096601
2096599
2096603
2096605
2096606
2096607
2096608
2096609
2096610
2096611
2096612
2096613
2096614
2096615
2096616
2096617
2096618
2096619
2096620
2096621
2096622
2096623
2096624
2096625
2096626
2096627
2096629
2096637
2096639
2094310
2094332
2094521
2094530
2094690
2094694
2094695
2094698
2094699
2094749
2094764
2094766
2094767
2094979
2095200
2095216
2095217
2095218
2095219
2095220
2095365
2095386
2095387
2095388
2095389
2095390
2095391
2095392
2095393
2095394
2095395
2095396
2093915
2093916
2093917
2093918
2093919
2093920
2093921
2093922
2093923
2093924
2093925
2093926
2093927
2093928
2093932
2093933
2093934
2093964
2094139
2094145
2093973
2094147
2094150
2094151
2094152
2094153
2094154
2094156
2094168
2094169
2094189
2094217
2093742
2093743
2093744
2093745
2093746
2093747
2093748
2093749
2093750
2093751
2093851
2093852
2093857
2093858
2093859
2093860
2093861
2093862
2093863
2093864
2093875
2093876
2093877
2093879
2093887
2093888
2093890
2093891
2093894
2093895
2093913
2093914
2093404
2093400
2093405
2093408
2093410
2093412
2093415
2093417
2093418
2093464
2093465
2093490
2093491
2093492
2093493
2093494
2093496
2093498
2093500
2093502
2093503
2093513
2093514
2093515
2093516
2093517
2093518
2093522
2093569
2093696
2093697
2093740
2092906
2092907
2092908
2092911
2092912
2092913
2092914
2092915
2092996
2093185
2093186
2093287
2093350
2093351
2093352
2093353
2093354
2093355
2093356
2093357
2093361
2093363
2093364
2093365
2093366
2093367
2093377
2093378
2093379
2093380
2093381
2093382
2092773
2092784
2092785
2092786
2092787
2092788
2092789
2092790
2092791
2092792
2092793
2092794
2092795
2092796
2092797
2092798
2092799
2092801
2092802
2092803
2092804
2092805
2092806
2092807
2092808
2092809
2092810
2092811
2092902
2092903
2092904
2092905
2092718
2092719
2092720
2092721
2092722
2092723
2092724
2092725
2092726
2092749
2092750
2092751
2092752
2092753
2092754
2092755
2092756
2092757
2092758
2092759
2092760
2092761
2092762
2092763
2092764
2092765
2092766
2092767
2092768
2092769
2092770
2092771
2092633
2092634
2092635
2092636
2092637
2092638
2092647
2092649
2092651
2092652
2092654
2092656
2092659
2092668
2092669
2092670
2092671
2092673
2092674
2092675
2092676
2092677
2092678
2092698
2092699
2092700
2092701
2092706
2092707
2092708
2092710
2092711
2092373
2092385
2092386
2092392
2092394
2092425
2092426
2092431
2092432
2092433
2092434
2092435
2092436
2092437
2092438
2092439
2092440
2092444
2092475
2092445
2092476
2092481
2092482
2092536
2092604
2092605
2092608
2092610
2092611
2092630
2092631
2092632
2092075
2092076
2092077
2092078
2092079
2092082
2092083
2092084
2092085
2092093
2092094
2092098
2092099
2092100
2092095
2092101
2092102
2092103
2092104
2092105
2092106
2092107
2092108
2092109
2092112
2092113
2092114
2092141
2092142
2092192
2092283
2092284
2091960
2091961
2091962
2091963
2091964
2091965
2091966
2091967
2091968
2091970
2091971
2091972
2091973
2091974
2091975
2091976
2091977
2091978
2091979
2091987
2091988
2091989
2092052
2092054
2092065
2092064
2092067
2092068
2092070
2092072
2092073
2092074
2091474
2091477
2091478
2091481
2091483
2091486
2091487
2091488
2091800
2091858
2091859
2091864
2091865
2091866
2091867
2091875
2091883
2091885
2091886
2091889
2091890
2091892
2091924
2091925
2091927
2091948
2091949
2091950
2091956
2091957
2091958
2091959
2091143
2091182
2091183
2091184
2091185
2091186
2091187
2091188
2091221
2091223
2091224
2091225
2091226
2091227
2091228
2091245
2091244
2091266
2091267
2091268
2091269
2091270
2091283
2091284
2091317
2091318
2091333
2091334
2091467
2091470
2091472
2091473
2091012
2091013
2091015
2091016
2091017
2091065
2091066
2091067
2091098
2091099
2091100
2091102
2091103
2091115
2091116
2091117
2091119
2091121
2091122
2091125
2091126
2091127
2091129
2091131
2091132
2091135
2091136
2091137
2091139
2091140
2091141
2091142
2087904
2088143
2088218
2088158
2088242
2088309
2088325
2088408
2088687
2089322
2090340
2090350
2090368
2090413
2090433
2090454
2090510
2090711
2090712
2090984
2090985
2090986
2090987
2090993
2090994
2090995
2090997
2090998
2090999
2091008
2091010
2091011
2085785
2085786
2085791
2085797
2085798
2085804
2085806
2085805
2085807
2085820
2085823
2085871
2085872
2085873
2085874
2085875
2085876
2086250
2086306
2086309
2086319
2086320
2086321
2086329
2086691
2086808
2086835
2087299
2087524
2087530
2087582
2087620
2084199
2084204
2084217
2084220
2084221
2084226
2084347
2084558
2084561
2084624
2084740
2084745
2084746
2084825
2084826
2084888
2084827
2084943
2085034
2085188
2085191
2085341
2085499
2085500
2085687
2085753
2085773
2085774
2085777
2085775
2085778
2085779
2083983
2083984
2084024
2084027
2084038
2084039
2084040
2084041
2084045
2084073
2084079
2084097
2084098
2084100
2084106
2084113
2084120
2084121
2084124
2084125
2084126
2084131
2084146
2084149
2084152
2084162
2084163
2084165
2084176
2084177
2084180
2084196
2083416
2083422
2083458
2083466
2083468
2083469
2083470
2083471
2083472
2083473
2083479
2083481
2083482
2083483
2083488
2083518
2083523
2083557
2083667
2083672
2083674
2083686
2083678
2083716
2083824
2083829
2083830
2083884
2083943
2083947
2083967
2083982
2071762
2071999
2072356
2072463
2074868
2077263
2078259
2078917
2078922
2080422
2080423
2082049
2083135
2083139
2083146
2083155
2083162
2083163
2083215
2083231
2083244
2083245
2083246
2083257
2083247
2083258
2083275
2083276
2083312
2083372
2083403
2083413
2057437
2057540
2057548
2057550
2057557
2057725
2058144
2060214
2062196
2062826
2062831
2062833
2062847
2062876
2062884
2063019
2063115
2063149
2063155
2063266
2063271
2063301
2063646
2065164
2068110
2068245
2068251
2069759
2069823
2070413
2071742
2071760
2049528
2049598
2049724
2049725
2049754
2049876
2050000
2050015
2050248
2050046
2051220
2051242
2051264
2051276
2051277
2051290
2051297
2051300
2051338
2053703
2053835
2054714
2054716
2054778
2054840
2055615
2056198
2056265
2056289
2057272
2057282
2057363
2047715
2047829
2048546
2048781
2048782
2048785
2048791
2048797
2048800
2048801
2048807
2048829
2048823
2048981
2049243
2049375
2049404
2049405
2049407
2049408
2049416
2049415
2049417
2049421
2049422
2049425
2049426
2049431
2049432
2049433
2049437
2049449
2028937
2029048
2029113
2041215
2041246
2041406
2041775
2041865
2042130
2042138
2042485
2045695
2045760
2045910
2045913
2045914
2046111
2046141
2046199
2046201
2046202
2046290
2046306
2046584
2046332
2046585
2047112
2047113
2047124
2047168
2047127
2047383
2023896
2023962
2023963
2025369
2025384
2025666
2024145
2025914
2025916
2025917
2025976
2026053
2026272
2026358
2026596
2026971
2027475
2027476
2027509
2027550
2027599
2027647
2028123
2028130
2028071
2028349
2028350
2028368
2028661
2028705
2028706
2028720
2019336
2019758
2019796
2019797
2019798
2019824
2019831
2019832
2021985
2022208
2022560
2022564
2022624
2022642
2022645
2023445
2023475
2023479
2023482
2023480
2023483
2023487
2023511
2023553
2023748
2023770
2023771
2023773
2023839
2023870
2023884
2023895
2017808
2017797
2017810
2017834
2017837
2017933
2017982
2017996
2018006
2018160
2018205
2018220
2018224
2018225
2018226
2018227
2018258
2018266
2018271
2018283
2018349
2018358
2018590
2018625
2018639
2018644
2018646
2018647
2018650
2018651
2018738
2019225
2017360
2017396
2017403
2017408
2017426
2017427
2017428
2017429
2017430
2017465
2017495
2017503
2017513
2017526
2017536
2017538
2017589
2017591
2017596
2017615
2017672
2017673
2017674
2017681
2017682
2017683
2017687
2017751
2017763
2017777
2017779
2017787
2016644
2016719
2016731
2016813
2016875
2016911
2016920
2016931
2016945
2016955
2016962
2016980
2016982
2016991
2017116
2017117
2017135
2017136
2017147
2017145
2017191
2017214
2017216
2017245
2017249
2017286
2017293
2017312
2017320
2017346
2017347
2017348
2016013
2016020
2016021
2016026
2016025
2016048
2016083
2016100
2016101
2016147
2016155
2016156
2016213
2016221
2016232
2016300
2016301
2016336
2016409
2016433
2016449
2016458
2016459
2016467
2016494
2016510
2016564
2016574
2016578
2016582
2016590
2016595
2015473
2015476
2015481
2015482
2015493
2015496
2015502
2015522
2015524
2015566
2015580
2015581
2015588
2015661
2015687
2015688
2015701
2015702
2015733
2015734
2015735
2015763
2015803
2015820
2015856
2015864
2015884
2015913
2015920
2015990
2015994
2016012
2014843
2014845
2014900
2014902
2014909
2014913
2014921
2014941
2014946
2014962
2015134
2015157
2015158
2015172
2015173
2015210
2015229
2015234
2015248
2015260
2015275
2015298
2015315
2015316
2015342
2015395
2015397
2015403
2015427
2015444
2015449
2015450
2013863
2013877
2013886
2013904
2013906
2013922
2013964
2013965
2013999
2014004
2014011
2014058
2014083
2014091
2014131
2014200
2014203
2014206
2014205
2014209
2014233
2014265
2014312
2014378
2014417
2014543
2014591
2014593
2014666
2014693
2014695
2014757
2013320
2013335
2013337
2013340
2013359
2013375
2013384
2013438
2013522
2013541
2013542
2013548
2013578
2013611
2013676
2013677
2013687
2013693
2013705
2013706
2013717
2013718
2013722
2013748
2013753
2013757
2013770
2013829
2013831
2013832
2013841
2013858
2012089
2012298
2012518
2012521
2012632
2012642
2012651
2012652
2012658
2012736
2012798
2012816
2012841
2012955
2012997
2013017
2013018
2013027
2013047
2013061
2013244
2013245
2013248
2013280
2013283
2013284
2013302
2013289
2013303
2013306
2013317
2013319
2010300
2010454
2010515
2010609
2010610
2010621
2010622
2010670
2010672
2010885
2010900
2010911
2010933
2010979
2010980
2010998
2011053
2011060
2011182
2011265
2011294
2011340
2011439
2011445
2011824
2011753
2011826
2011831
2011855
2012018
2012032
2012086
2009173
2009174
2009182
2009188
2009189
2009235
2009295
2009296
2009329
2009351
2009360
2009371
2009616
2009638
2009650
2009651
2009713
2009720
2009735
2009870
2009871
2009873
2009875
2009910
2009911
2009961
2009988
2010021
2010114
2010236
2010271
2010275
2008750
2008780
2008835
2008856
2008858
2008873
2008874
2008876
2008878
2008941
2008942
2008963
2008972
2008981
2008985
2009002
2009003
2009009
2009010
2009011
2009012
2009013
2009014
2009015
2009054
2009055
2009057
2009058
2009077
2009103
2009112
2009171
2008369
2008370
2008371
2008426
2008427
2008431
2008432
2008447
2008452
2008453
2008466
2008505
2008511
2008512
2008513
2008519
2008582
2008585
2008601
2008602
2008603
2008629
2008630
2008646
2008697
2008698
2008717
2008718
2008719
2008721
2008734
2008741
2008027
2008035
2008037
2008050
2008053
2008054
2008055
2008110
2008111
2008115
2008118
2008123
2008124
2008130
2008141
2008143
2008144
2008145
2008147
2008152
2008216
2008228
2008264
2008265
2008269
2008301
2008310
2008337
2008313
2008341
2008344
2008348
2007859
2007862
2007867
2007868
2007875
2007876
2007884
2007885
2007888
2007889
2007895
2007890
2007907
2007909
2007910
2007955
2007963
2007964
2007965
2007967
2007988
2007994
2007995
2008002
2008006
2008007
2008009
2008010
2008012
2008022
2008024
2008026
2007589
2007615
2007626
2007631
2007632
2007635
2007637
2007683
2007686
2007689
2007690
2007694
2007700
2007705
2007706
2007724
2007731
2007732
2007733
2007749
2007758
2007807
2007779
2007822
2007827
2007852
2007853
2007854
2007855
2007856
2007857
2007858
2006246
2006421
2006477
2006549
2006555
2006567
2006595
2007200
2007237
2007255
2007297
2007304
2007314
2007333
2007354
2007360
2007388
2007389
2007390
2007391
2007423
2007446
2007451
2007470
2007497
2007503
2007510
2007544
2007518
2007547
2007561
2007566
2004383
2004403
2004406
2004408
2004415
2004419
2004426
2004435
2004526
2005015
2005012
2005038
2005213
2005352
2005371
2005517
2005634
2005682
2005752
2005758
2005759
2005764
2005771
2005938
2005939
2006023
2006021
2006076
2006150
2006154
2006156
2006157
2003274
2003281
2003313
2003314
2003383
2003406
2003424
2003453
2003457
2003496
2003498
2003518
2003545
2003570
2003556
2003599
2003635
2003645
2003686
2003900
2003998
2004014
2004060
2004191
2004246
2004257
2004285
2004223
2004292
2004293
2004300
2004312
2003054
2003053
2003056
2003060
2003065
2003069
2003070
2003072
2003075
2003076
2003077
2003078
2003093
2003099
2003109
2003142
2003143
2003149
2003159
2003160
2003161
2003170
2003171
2003174
2003176
2003177
2003209
2003224
2003232
2003253
2003257
2003262
2002896
2002898
2002899
2002900
2002901
2002904
2002915
2002917
2002918
2002925
2002935
2002937
2002939
2002944
2002948
2002953
2002954
2002962
2002963
2002972
2002973
2002971
2002974
2002977
2002978
2002985
2002989
2002993
2002994
2003023
2003035
2003052
2002783
2002789
2002784
2002790
2002791
2002792
2002794
2002795
2002801
2002796
1021916
1021921
1021923
1021925
1021926
1021933
1022051
1022052
1022053
1022056
1022057
1022060
1022547
1022548
1022549
1022553
1022558
1022560
1022561
1022563
1022564
1022565
1022566
1022568
1022569
1022573
1022577
1022578
1022579
1022581
1022610
1022612
1020438
1020500
1020537
1020545
1020543
1020563
1020564
1020565
1020567
1020569
1020579
1020580
1020597
1020598
1020599
1020600
1020601
1020607
1020610
1020611
1020612
1020613
1020615
1020616
1020760
1021891
1021900
1021902
1021903
1021904
1021909
1021913
1020111
1020163
1020151
1020165
1020178
1020180
1020185
1020192
1020194
1020200
1020201
1020204
1020333
1020214
1020336
1020338
1020339
1020345
1020359
1020361
1020401
1020402
1020406
1020409
1020412
1020413
1020414
1020416
1020418
1020428
1020429
1020430
1019782
1019785
1019791
1019821
1019831
1019842
1019852
1019855
1019864
1019873
1019874
1019877
1019879
1019887
1019888
1019895
1019898
1019905
1019906
1019908
1019928
1019945
1019947
1019948
1019951
1019953
1019972
1020002
1020078
1020084
1020092
1020110
1019522
1019523
1019531
1019536
1019548
1019550
1019551
1019560
1019580
1019581
1019591
1019596
1019602
1019603
1019611
1019612
1019613
1019614
1019626
1019628
1019629
1019633
1019644
1019648
1019668
1019731
1019769
1019770
1019647
1019771
1019780
1019781
1019090
1019099
1019107
1019108
1019118
1019122
1019123
1019124
1019137
1019141
1019157
1019150
1019161
1019164
1019166
1019272
1019460
1019480
1019481
1019482
1019485
1019483
1019486
1019487
1019491
1019492
1019493
1019495
1019496
1019510
1019519
1019521
1018517
1018516
1018519
1018520
1018530
1018533
1018534
1018548
1018549
1018885
1018902
1018903
1018905
1018910
1018922
1018923
1018924
1018936
1018934
1018952
1018953
1018967
1018971
1018978
1018980
1018991
1018994
1019077
1019086
1019088
1019089
1018931
1018296
1018297
1018305
1018321
1018312
1018326
1018330
1018339
1018345
1018349
1018457
1018458
1018463
1018467
1018468
1018470
1018471
1018472
1018474
1018473
1018475
1018476
1018477
1018480
1018492
1018493
1018494
1018502
1018503
1018507
1018515
1018513
1018140
1018148
1018147
1018149
1018153
1018157
1018158
1018161
1018159
1018164
1018162
1018175
1018177
1018180
1018189
1018202
1018204
1018215
1018223
1018203
1018235
1018236
1018238
1018239
1018240
1018241
1018260
1018246
1018263
1018267
1018288
1018266
1018028
1018022
1018032
1018034
1018040
1018041
1018043
1018055
1018062
1018044
1018069
1018063
1018067
1018071
1018079
1018083
1018085
1018086
1018090
1018104
1018102
1018105
1018107
1018106
1018110
1018115
1018122
1018123
1018131
1018136
1018087
1018088
1017906
1017907
1017908
1017914
1017927
1017931
1017928
1017932
1017936
1017937
1017939
1017945
1017946
1017947
1017953
1017954
1017964
1017989
1017990
1017991
1017993
1017994
1017997
1018005
1018006
1018007
1018008
1018010
1018011
1018013
1018014
1018015
1017599
1017600
1017601
1017602
1017603
1017789
1017795
1017803
1017804
1017813
1017814
1017815
1017816
1017819
1017820
1017821
1017822
1017824
1017828
1017834
1017843
1017857
1017858
1017860
1017861
1017862
1017869
1017881
1017882
1017893
1017903
1017905
1017187
1017190
1017191
1017192
1017193
1017194
1017196
1017197
1017205
1017206
1017220
1017211
1017221
1017222
1017224
1017223
1017227
1017229
1017228
1017230
1017231
1017236
1017244
1017247
1017361
1017588
1017589
1017592
1017595
1017596
1017597
1017598
1017083
1017084
1017088
1017089
1017092
1017094
1017096
1017097
1017098
1017101
1017104
1017105
1017106
1017114
1017116
1017120
1017121
1017122
1017125
1017126
1017127
1017128
1017129
1017134
1017135
1017175
1017176
1017178
1017179
1017182
1017184
1017185
1016988
1016990
1016993
1016994
1016995
1016996
1016997
1017000
1017001
1017002
1017003
1017004
1017009
1017010
1017011
1017012
1017014
1017015
1017017
1017018
1017019
1017020
1017022
1017024
1017030
1017031
1017032
1017035
1017075
1017076
1017077
1017082
1016905
1016907
1016915
1016919
1016920
1016921
1016922
1016928
1016929
1016934
1016935
1016936
1016938
1016939
1016941
1016955
1016951
1016956
1016958
1016959
1016961
1016966
1016967
1016969
1016970
1016972
1016973
1016980
1016981
1016982
1016986
1016944
1016291
1016294
1016301
1016303
1016304
1016730
1016741
1016745
1016748
1016750
1016749
1016876
1016877
1016881
1016880
1016883
1016884
1016886
1016887
1016888
1016889
1016890
1016891
1016892
1016894
1016895
1016896
1016898
1016899
1016900
1016902
1016904
1016210
1016211
1016212
1016219
1016213
1016220
1016222
1016223
1016224
1016226
1016227
1016228
1016239
1016240
1016242
1016246
1016247
1016251
1016252
1016254
1016258
1016259
1016260
1016264
1016267
1016278
1016279
1016280
1016283
1016286
1016287
1016288
1016130
1016131
1016132
1016140
1016144
1016145
1016147
1016148
1016151
1016152
1016153
1016155
1016160
1016161
1016163
1016164
1016167
1016169
1016176
1016177
1016178
1016179
1016181
1016184
1016186
1016187
1016188
1016195
1016196
1016202
1016201
1016208
1016061
1016062
1016063
1016064
1016065
1016068
1016069
1016070
1016074
1016076
1016079
1016080
1016081
1016082
1016083
1016084
1016085
1016089
1016090
1016091
1016092
1016093
1016094
1016095
1016096
1016109
1016110
1016111
1016113
1016115
1016116
1016118
1015973
1015975
1015981
1015982
1015989
1015992
1015995
1015997
1016000
1016002
1016004
1016006
1016014
1016010
1016016
1016020
1016034
1016035
1016040
1016041
1016044
1016045
1016046
1016047
1016048
1016053
1016057
1016058
1016059
1016060
1015903
1015904
1015906
1015912
1015913
1015915
1015916
1015920
1015919
1015922
1015923
1015925
1015926
1015927
1015929
1015930
1015931
1015933
1015934
1015937
1015938
1015941
1015942
1015945
1015950
1015951
1015952
1015958
1015961
1015962
1015967
1015969
1015834
1015835
1015843
1015844
1015846
1015849
1015852
1015850
1015853
1015855
1015858
1015859
1015868
1015867
1015873
1015862
1015874
1015876
1015877
1015878
1015880
1015881
1015885
1015888
1015890
1015891
1015897
1015898
1015899
1015900
1015901
1015902
1015759
1015763
1015765
1015766
1015771
1015777
1015778
1015779
1015781
1015782
1015785
1015786
1015791
1015792
1015793
1015803
1015805
1015806
1015807
1015808
1015809
1015811
1015815
1015816
1015819
1015820
1015824
1015826
1015827
1015828
1015833
1015832
1015643
1015645
1015649
1015650
1015654
1015658
1015661
1015659
1015662
1015663
1015664
1015665
1015676
1015677
1015678
1015679
1015680
1015685
1015687
1015690
1015698
1015707
1015722
1015725
1015728
1015732
1015735
1015739
1015740
1015744
1015751
1015756
1015585
1015583
1015587
1015592
1015593
1015594
1015595
1015598
1015600
1015602
1015604
1015605
1015608
1015609
1015610
1015611
1015612
1015617
1015618
1015619
1015622
1015623
1015624
1015625
1015627
1015628
1015629
1015631
1015632
1015634
1015638
1015639
1015494
1015495
1015496
1015499
1015500
1015502
1015504
1015505
1015506
1015508
1015510
1015512
1015521
1015524
1015528
1015529
1015530
1015531
1015534
1015536
1015538
1015539
1015540
1015544
1015545
1015552
1015559
1015565
1015566
1015575
1015578
1015579
1015415
1015416
1015418
1015419
1015420
1015421
1015423
1015424
1015426
1015429
1015446
1015447
1015449
1015450
1015451
1015455
1015456
1015460
1015465
1015466
1015471
1015472
1015475
1015477
1015478
1015479
1015480
1015483
1015484
1015489
1015487
1015491
1015281
1015291
1015292
1015294
1015296
1015297
1015298
1015300
1015301
1015306
1015308
1015310
1015312
1015317
1015318
1015376
1015372
1015383
1015393
1015394
1015396
1015397
1015398
1015400
1015401
1015403
1015405
1015407
1015408
1015409
1015412
1015413
1015225
1015226
1015227
1015229
1015231
1015233
1015234
1015235
1015236
1015238
1015239
1015240
1015242
1015244
1015247
1015249
1015253
1015254
1015255
1015260
1015261
1015262
1015264
1015265
1015266
1015267
1015272
1015273
1015274
1015277
1015275
1015278
1015134
1015137
1015141
1015142
1015143
1015145
1015147
1015146
1015148
1015150
1015152
1015154
1015157
1015158
1015161
1015170
1015171
1015174
1015175
1015181
1015182
1015190
1015191
1015192
1015198
1015199
1015200
1015215
1015201
1015222
1015224
1015219
1015048
1015049
1015050
1015051
1015052
1015053
1015054
1015055
1015060
1015061
1015062
1015065
1015066
1015067
1015068
1015089
1015070
1015094
1015095
1015096
1015097
1015098
1015100
1015101
1015105
1015112
1015107
1015125
1015127
1015128
1015129
1015131
1014985
1014986
1014989
1014990
1014991
1014992
1014993
1014994
1014995
1015000
1015001
1015002
1015003
1015005
1015006
1015007
1015019
1015020
1015021
1015023
1015025
1015026
1015027
1015028
1015032
1015034
1015036
1015037
1015038
1015040
1015045
1015047
1014753
1014757
1014758
1014760
1014771
1014775
1014776
1014777
1014778
1014779
1014780
1014781
1014783
1014794
1014800
1014810
1014811
1014812
1014948
1014949
1014952
1014965
1014958
1014966
1014971
1014974
1014976
1014978
1014979
1014980
1014981
1014982
1014560
1014561
1014565
1014572
1014573
1014576
1014579
1014584
1014598
1014646
1014651
1014648
1014652
1014653
1014663
1014670
1014671
1014674
1014713
1014717
1014721
1014726
1014728
1014730
1014731
1014732
1014733
1014736
1014742
1014743
1014744
1014747
1014471
1014472
1014474
1014475
1014476
1014480
1014484
1014485
1014486
1014487
1014488
1014489
1014490
1014491
1014493
1014497
1014498
1014499
1014500
1014501
1014505
1014506
1014508
1014509
1014511
1014515
1014522
1014523
1014538
1014544
1014546
1014547
1014428
1014429
1014430
1014434
1014435
1014436
1014438
1014439
1014440
1014441
1014442
1014444
1014446
1014445
1014448
1014449
1014451
1014453
1014452
1014454
1014455
1014456
1014457
1014459
1014460
1014462
1014464
1014465
1014466
1014467
1014468
1014469
1014302
1014303
1014306
1014307
1014336
1014338
1014339
1014340
1014342
1014343
1014347
1014349
1014351
1014398
1014402
1014408
1014387
1014412
1014413
1014414
1014415
1014416
1014417
1014419
1014418
1014421
1014422
1014423
1014424
1014425
1014426
1014427
1014200
1014199
1014205
1014211
1014225
1014233
1014234
1014236
1014237
1014239
1014240
1014241
1014250
1014251
1014252
1014255
1014260
1014264
1014265
1014267
1014268
1014271
1014279
1014280
1014282
1014283
1014284
1014290
1014291
1014295
1014296
1014300
1013887
1013894
1013970
1013976
1013977
1013979
1013993
1014022
1014032
1014043
1014041
1014048
1014061
1014068
1014062
1014075
1014076
1014096
1014098
1014110
1014111
1014129
1014132
1014130
1014133
1014146
1014147
1014148
1014149
1014174
1014176
1014179
1013639
1013642
1013643
1013644
1013646
1013650
1013652
1013679
1013681
1013682
1013683
1013693
1013695
1013711
1013735
1013743
1013746
1013747
1013748
1013776
1013795
1013813
1013814
1013820
1013828
1013847
1013849
1013851
1013853
1013854
1013884
1013885
1013554
1013558
1013560
1013561
1013562
1013565
1013566
1013574
1013575
1013576
1013581
1013584
1013585
1013588
1013589
1013590
1013592
1013594
1013595
1013596
1013599
1013601
1013604
1013606
1013617
1013618
1013622
1013623
1013625
1013627
1013628
1013637
1013011
1013012
1013039
1013044
1013054
1013043
1013096
1013101
1013132
1013219
1013220
1013243
1013332
1013363
1013385
1013429
1013430
1013456
1013458
1013462
1013497
1013511
1013499
1013519
1013521
1013529
1013538
1013539
1013540
1013547
1013552
1013553
1012539
1012564
1012565
1012541
1012573
1012576
1012607
1012681
1012626
1012691
1012798
1012826
1012827
1012828
1012831
1012834
1012836
1012841
1012850
1012843
1012853
1012854
1012857
1012858
1012859
1012860
1012885
1012993
1012896
1013007
1013009
1013010
1012203
1012223
1012268
1012277
1012278
1012280
1012282
1012284
1012292
1012294
1012295
1012299
1012296
1012308
1012309
1012336
1012335
1012345
1012347
1012349
1012378
1012382
1012384
1012385
1012386
1012389
1012397
1012444
1012481
1012493
1012515
1012527
1011455
1011645
1011689
1011692
1011714
1011743
1011753
1011761
1011843
1011864
1011900
1011901
1011908
1011949
1011979
1011980
1011994
1012002
1012003
1012010
1012012
1012046
1012047
1012048
1012049
1012059
1012091
1012126
1012127
1012130
1012154
1012155
1010852
1010860
1010876
1010899
1010967
1010971
1011048
1011053
1011064
1011066
1011068
1011081
1011094
1011095
1011106
1011112
1011114
1011116
1011145
1011176
1011185
1011189
1011195
1011219
1011322
1011331
1011340
1011368
1011370
1011377
1011379
1011381
1010370
1010374
1010375
1010379
1010378
1010382
1010393
1010394
1010398
1010402
1010404
1010406
1010405
1010407
1010417
1010421
1010542
1010613
1010619
1010621
1010631
1010632
1010633
1010637
1010638
1010639
1010640
1010642
1010653
1010654
1010692
1010699
1009799
1009843
1009844
1010056
1010086
1010142
1010150
1010151
1010159
1010168
1010170
1010188
1010232
1010247
1010249
1010275
1010276
1010288
1010290
1010303
1010306
1010323
1010327
1010328
1010330
1010335
1010339
1010340
1010341
1010359
1010362
1010365
1009617
1009619
1009620
1009622
1009627
1009632
1009634
1009636
1009706
1009707
1009708
1009710
1009711
1009714
1009716
1009717
1009718
1009719
1009720
1009721
1009722
1009728
1009738
1009740
1009742
1009745
1009746
1009750
1009754
1009755
1009758
1009761
1009399
1009392
1009400
1009401
1009409
1009410
1009419
1009429
1009431
1009433
1009458
1009465
1009481
1009482
1009492
1009501
1009504
1009509
1009516
1009539
1009558
1009559
1009563
1009564
1009584
1009588
1009595
1009599
1009609
1009613
1009615
1009616
1009210
1009211
1009212
1009213
1009216
1009217
1009222
1009223
1009225
1009224
1009226
1009238
1009250
1009251
1009252
1009265
1009266
1009272
1009273
1009275
1009283
1009285
1009286
1009294
1009321
1009333
1009373
1009376
1009378
1009386
1009387
1009390
1009096
1009098
1009099
1009100
1009101
1009102
1009104
1009105
1009112
1009116
1009106
1009118
1009119
1009127
1009128
1009130
1009131
1009134
1009138
1009140
1009141
1009142
1009143
1009195
1009196
1009197
1009202
1009203
1009204
1009205
1009206
1009208
1008840
1008847
1008850
1008855
1008870
1008875
1008876
1008877
1008892
1008894
1008896
1008900
1008951
1008952
1008954
1008955
1008958
1008962
1008968
1008977
1008985
1008999
1009001
1009005
1009006
1009013
1009014
1009030
1009072
1009091
1009093
1009095
1008789
1008790
1008791
1008793
1008794
1008796
1008799
1008800
1008806
1008807
1008808
1008809
1008810
1008811
1008812
1008816
1008817
1008818
1008820
1008821
1008822
1008823
1008824
1008825
1008826
1008828
1008829
1008831
1008832
1008835
1008837
1008838
1008506
1008508
1008524
1008513
1008525
1008527
1008529
1008626
1008627
1008629
1008646
1008642
1008650
1008662
1008678
1008680
1008683
1008696
1008701
1008704
1008730
1008731
1008746
1008756
1008769
1008772
1008773
1008776
1008779
1008780
1008787
1008788
1008237
1008238
1008240
1008241
1008249
1008266
1008302
1008304
1008305
1008336
1008350
1008351
1008380
1008413
1008418
1008419
1008421
1008445
1008448
1008454
1008455
1008471
1008474
1008479
1008482
1008483
1008485
1008489
1008493
1008494
1008495
1008500
1008016
1008017
1008018
1008019
1008020
1008045
1008052
1008072
1008075
1008076
1008086
1008100
1008101
1008117
1008118
1008125
1008142
1008180
1008181
1008182
1008184
1008185
1008186
1008198
1008209
1008212
1008213
1008214
1008216
1008220
1008223
1008236
1007714
1007716
1007718
1007720
1007725
1007729
1007736
1007781
1007802
1007814
1007817
1007822
1007824
1007825
1007894
1007832
1007917
1007929
1007931
1007941
1007942
1007943
1007944
1007945
1007955
1007956
1007975
1007973
1007984
1008012
1008013
1008015
1007373
1007381
1007385
1007396
1007402
1007411
1007484
1007485
1007503
1007521
1007525
1007530
1007543
1007544
1007556
1007560
1007561
1007568
1007573
1007574
1007576
1007577
1007578
1007579
1007586
1007605
1007613
1007618
1007627
1007639
1007656
1007713
1007118
1007119
1007160
1007177
1007184
1007193
1007197
1007198
1007204
1007208
1007214
1007223
1007224
1007235
1007237
1007238
1007247
1007248
1007252
1007253
1007264
1007265
1007281
1007285
1007286
1007300
1007320
1007339
1007348
1007350
1007361
1007367
1006875
1006906
1006916
1006933
1006935
1006977
1006978
1006987
1006999
1007001
1007002
1007003
1007005
1007013
1007018
1007019
1007020
1007021
1007026
1007047
1007051
1007052
1007058
1007059
1007065
1007071
1007074
1007075
1007087
1007102
1007098
1007109
1006501
1006502
1006511
1006535
1006545
1006546
1006551
1006566
1006576
1006577
1006613
1006580
1006622
1006628
1006642
1006680
1006698
1006737
1006754
1006794
1006764
1006795
1006800
1006807
1006823
1006826
1006834
1006835
1006837
1006839
1006851
1006863
1005837
1005849
1005887
1005899
1005937
1005949
1006000
1006005
1006022
1006068
1006080
1006095
1006104
1006165
1006184
1006185
1006188
1006206
1006207
1006221
1006254
1006262
1006324
1006327
1006368
1006434
1006435
1006456
1006469
1006479
1006480
1006500
1005281
1005287
1005300
1005320
1005353
1005368
1005378
1005400
1005447
1005470
1005488
1005512
1005513
1005537
1005567
1005568
1005584
1005602
1005657
1005660
1005679
1005681
1005709
1005719
1005743
1005758
1005759
1005761
1005762
1005764
1005790
1005791
1004648
1004649
1004650
1004678
1004679
1004687
1004688
1004702
1004713
1004715
1004760
1004784
1004887
1004899
1004883
1004901
1004910
1004922
1004927
1004959
1004960
1004966
1004976
1004978
1004992
1005024
1005129
1005132
1005174
1005188
1005275
1005278
1004075
1004086
1004096
1004077
1004132
1004154
1004158
1004191
1004196
1004204
1004208
1004233
1004245
1004302
1004351
1004389
1004392
1004420
1004423
1004445
1004485
1004491
1004506
1004507
1004549
1004551
1004570
1004590
1004614
1004576
1004617
1004619
1003541
1003548
1003592
1003614
1003623
1003686
1003795
1003800
1003853
1003859
1003845
1003873
1003881
1003882
1003897
1003905
1003909
1003935
1003975
1003990
1003991
1003993
1003999
1004000
1004003
1004004
1004016
1004041
1004049
1004054
1004064
1004065
1003055
1003056
1003057
1003059
1003071
1003090
1003091
1003100
1003115
1003125
1003136
1003139
1003140
1003141
1003142
1003144
1003211
1003212
1003215
1003224
1003275
1003378
1003345
1003379
1003410
1003427
1003432
1003481
1003490
1003511
1003513
1003522
1002818
1002827
1002822
1002831
1002836
1002832
1002840
1002842
1002843
1002844
1002847
1002854
1002855
1002857
1002856
1002859
1002902
1002920
1002933
1002934
1002947
1002949
1002951
1002960
1002961
1002972
1003017
1003025
1003034
1003043
1003044
1003051
1002366
1002372
1002382
1002415
1002423
1002429
1002610
1002618
1002619
1002621
1002644
1002655
1002658
1002669
1002673
1002687
1002707
1002719
1002732
1002733
1002734
1002735
1002736
1002740
1002795
1002803
1002807
1002810
1002813
1002814
1002815
1002434
1002132
1002143
1002144
1002145
1002147
1002154
1002160
1002161
1002162
1002166
1002167
1002169
1002171
1002172
1002192
1002198
1002213
1002221
1002303
1002307
1002310
1002323
1002329
1002340
1002341
1002348
1002353
1002356
1002358
1002357
1002364
1002365
1001895
1001905
1001910
1001924
1001930
1001932
1001935
1001937
1001939
1001940
1001957
1001971
1001974
1001994
1001995
1001998
1002002
1002004
1002012
1002017
1002018
1002029
1002037
1002114
1002121
1002124
1002125
1002127
1002128
1002129
1002130
1002131
1001645
1001648
1001649
1001650
1001652
1001659
1001662
1001670
1001672
1001673
1001682
1001726
1001789
1001790
1001791
1001792
1001824
1001830
1001831
1001833
1001835
1001838
1001839
1001842
1001862
1001865
1001866
1001870
1001871
1001877
1001883
1001884
1001417
1001420
1001421
1001443
1001444
1001446
1001451
1001453
1001463
1001473
1001480
1001496
1001497
1001499
1001500
1001505
1001531
1001543
1001544
1001553
1001556
1001554
1001562
1001572
1001584
1001589
1001602
1001621
1001622
1001629
1001635
1001640
1001266
1001268
1001269
1001272
1001280
1001281
1001288
1001289
1001290
1001292
1001352
1001354
1001355
1001356
1001357
1001359
1001362
1001363
1001364
1001382
1001385
1001388
1001389
1001394
1001399
1001407
1001408
1001409
1001410
1001412
1001415
1001416
1001162
1001163
1001167
1001176
1001185
1001187
1001186
1001189
1001192
1001193
1001195
1001196
1001199
1001205
1001215
1001216
1001217
1001218
1001227
1001228
1001230
1001232
1001235
1001237
1001242
1001241
1001244
1001245
1001258
1001249
1001263
1001264
1001063
1001064
1001069
1001071
1001068
1001084
1001086
1001087
1001088
1001091
1001096
1001097
1001098
1001099
1001100
1001102
1001103
1001106
1001111
1001112
1001113
1001115
1001116
1001126
1001127
1001134
1001135
1001136
1001137
1001142
1001139
1001109
1001006
1001007
1001009
1001011
1001013
1001014
1001015
1001017
1001018
1001019
1001022
1001021
1001023
1001024
1001025
1001027
1001026
1001029
1001030
1001031
1001033
1001035
1001036
1001037
1001040
1001041
1001050
1001051
1001052
1001060
1001061
1000829
1000831
1000830
1000832
1000833
1000835
1000842
1000849
1000850
1000851
1000854
1000855
1000859
1000863
1000865
1000864
1000867
1000868
1000871
1000872
1000873
1000874
1000875
1000876
1000877
1000878
1000881
1000880
1000884
1001003
1001004
1001005
1000061
1000301
1000436
1000544
1000792
1000793
1000794
1000798
1000802
1000803
1000804
1000807
1000808
1000809
1000810
1000811
1000813
1000812
1000814
1000815
1000816
1000817
1000818
1000820
1000819
1000823
1000821
1000824
1000825
1000826
1000827
1000828
https://a810-dobnow.nyc.gov/publish/Index.html#!/
1000006
1000005
1000007
1000016
1000018
1000020
1000021
1000023
1000024
1000025
1000027
1000029
1000038
1000043
1000044
1000047
1000053
1000055
1000045
1000057
1000058
1000059
1000060
